0 3
0 6
0 9
0 12
0 15
0 18
0 21
0 24
0 27
0 30
0 33
0 36
0 39
0 42
0 45
0 48
0 51
0 54
0 57
1 0
1 3
1 6
1 9
1 12
1 15
1 18
1 21
1 24
1 27
1 30
1 33
1 36
1 39
1 42
1 45
1 48
1 51
1 54
1 57
2 0
2 3
2 6
2 9
2 12
2 15
2 18
2 21
2 24
2 27
2 30
2 33
2 36
2 39
2 42
2 45
2 48
2 51
2 54
2 57
3 0
3 3
3 6
3 9
3 12
3 15
3 18
3 21
3 24
3 27
3 30
3 33
3 36
3 39
3 42
3 45
3 48
3 51
3 54
3 57
4 0
4 3
4 6
4 9
4 12
4 15
4 18
4 21
4 24
4 27
4 30
4 33
4 36
4 39
4 42
4 45
4 48
4 51
4 54
4 57
5 0
5 3
5 6
5 9
5 12
5 15
5 18
5 21
5 24
5 27
5 30
5 33
5 36
5 39
5 42
5 45
5 48
5 51
5 54
5 57
6 0
6 3
6 6
6 9
6 12
6 15
6 18
6 21
6 24
6 27
6 30
6 33
6 36
6 39
6 42
6 45
6 48
6 51
6 54
6 57
7 0
7 3
7 6
7 9
7 12
7 15
7 18
7 21
7 24
7 27
7 30
7 33
7 36
7 39
7 42
7 45
7 48
7 51
7 54
7 57
8 0
8 3
8 6
8 9
8 12
8 15
8 18
8 21
8 24
8 27
8 30
8 33
8 36
8 39
8 42
8 45
8 48
8 51
8 54
8 57
9 0
9 3
9 6
9 9
9 12
9 15
9 18
9 21
9 24
9 27
9 30
9 33
9 36
9 39
9 42
9 45
9 48
9 51
9 54
9 57
10 0
10 3
10 6
10 9
10 12
10 15
10 18
10 21
10 24
10 27
10 30
10 33
10 36
10 39
10 42
10 45
10 48
10 51
10 54
10 57
11 0
11 3
11 6
11 9
11 12
11 15
11 18
11 21
11 24
11 27
11 30
11 33
11 36
11 39
11 42
11 45
11 48
11 51
11 54
11 57
12 0
12 3
12 6
12 9
12 12
12 15
12 18
12 21
12 24
12 27
12 30
12 33
12 36
12 39
12 42
12 45
12 48
12 51
12 54
12 57
13 0
13 3
13 6
13 9
13 12
13 15
13 18
13 21
13 24
13 27
13 30
13 33
13 36
13 39
13 42
13 45
13 48
13 51
13 54
13 57
14 0
14 3
14 6
14 9
14 12
14 15
14 18
14 21
14 24
14 27
14 30
14 33
14 36
14 39
14 42
14 45
14 48
14 51
14 54
14 57
15 0
15 3
15 6
15 9
15 12
15 15
15 18
15 21
15 24
15 27
15 30
15 33
15 36
15 39
15 42
15 45
15 48
15 51
15 54
15 57
16 0
16 3
16 6
16 9
16 12
16 15
16 18
16 21
16 24
16 27
16 30
16 33
16 36
16 39
16 42
16 45
16 48
16 51
16 54
16 57
17 0
17 3
17 6
17 9
17 12
17 15
17 18
17 21
17 24
17 27
17 30
17 33
17 36
17 39
17 42
17 45
17 48
17 51
17 54
17 57
18 0
18 3
18 6
18 9
18 12
18 15
18 18
18 21
18 24
18 27
18 30
18 33
18 36
18 39
18 42
18 45
18 48
18 51
18 54
18 57
19 0
19 3
19 6
19 9
19 12
19 15
19 18
19 21
19 24
19 27
19 30
19 33
19 36
19 39
19 42
19 45
19 48
19 51
19 54
19 57
20 0
20 3
20 6
20 9
20 12
20 15
20 18
20 21
20 24
20 27
20 30
20 33
20 36
20 39
20 42
20 45
20 48
20 51
20 54
20 57
21 0
21 3
21 6
21 9
21 12
21 15
21 18
21 21
21 24
21 27
21 30
21 33
21 36
21 39
21 42
21 45
21 48
21 51
21 54
21 57
22 0
22 3
22 6
22 9
22 12
22 15
22 18
22 21
22 24
22 27
22 30
22 33
22 36
22 39
22 42
22 45
22 48
22 51
22 54
22 57
23 0
23 3
23 6
23 9
23 12
23 15
23 18
23 21
23 24
23 27
23 30
23 33
23 36
23 39
23 42
23 45
23 48
23 51
23 54
23 57
